kedf=TFVW
pp=C:\Users\dawso\nano_tensile_TFvW\al.gga.recpot
spacing_A=0.193914971731
a0_input_A=4.118877004246
a0_ref_A=4.118772778844
eos_e0_eV_per_atom=-56.724962033565
eos_v0_atom_A3=17.468013146201
eos_a0_A=4.118772778844
eos_bulk_modulus_eV_per_A3=0.662509665589
eos_bulk_modulus_GPa=106.145749726070
eos_bulk_modulus_prime=3.207762877031
repeat=(1, 1, 1)
axis=2
n_atoms=4
fit_max_strain=0.005000
stress_slope_GPa=128.562001853711
stress_intercept_GPa=0.072870350971
